object Form1: TForm1
  Left = 0
  Top = 0
  Caption = 'Form1'
  ClientHeight = 820
  ClientWidth = 1548
  FormFactor.Width = 320
  FormFactor.Height = 480
  FormFactor.Devices = [Desktop]
  DesignerMasterStyle = 0
  object Panel1: TPanel
    Position.X = 88.000000000000000000
    Position.Y = 472.000000000000000000
    Size.Width = 1401.000000000000000000
    Size.Height = 318.000000000000000000
    Size.PlatformDefault = False
    TabOrder = 1
  end
  object Panel2: TPanel
    Position.X = 24.000000000000000000
    Position.Y = 32.000000000000000000
    TabOrder = 2
  end
end
